%YAML 1.0
---
left Camera Mat: !!opencv-matrix
   rows: 3
   cols: 3
   dt: d
   data: [ 2.8149593880995167e+02, 0., 1.8411233971374324e+02, 0.,
       2.5498683119108827e+02, 1.1188313170033133e+02, 0., 0., 1. ]
left Dis Mat: !!opencv-matrix
   rows: 1
   cols: 5
   dt: d
   data: [ -5.4473953590145363e-01, 5.3130301439314087e-01,
       -6.5037060230012222e-03, 5.5174639833648065e-04,
       -4.0998254300593590e-01 ]
right Camera Mat: !!opencv-matrix
   rows: 3
   cols: 3
   dt: d
   data: [ 2.7454244309417152e+02, 0., 1.8117419776324044e+02, 0.,
       2.4906531154437795e+02, 1.1853082425196243e+02, 0., 0., 1. ]
right Dis Mat: !!opencv-matrix
   rows: 1
   cols: 5
   dt: d
   data: [ -4.5758518653188429e-01, 2.5194094613175655e-01,
       1.6771985104278801e-03, -7.1630222305984581e-04,
       -7.4968592635150474e-02 ]
image Size: [ 320, 240 ]
rvec of two: !!opencv-matrix
   rows: 3
   cols: 3
   dt: d
   data: [ 9.7548945540404663e-01, -3.2753900024360585e-02,
       2.1759481709983519e-01, 1.2372847423471046e-02,
       9.9545978704973215e-01, 9.4375447090530112e-02,
       -2.1969805425208488e-01, -8.9369986013740299e-02,
       9.7146578455329646e-01 ]
tvec of two: !!opencv-matrix
   rows: 3
   cols: 1
   dt: d
   data: [ -2.2421231707447996e+02, -4.1470243517662553e+01,
       5.0448017231199804e+00 ]
R1: !!opencv-matrix
   rows: 0
   cols: 0
   dt: u
   data: []
R2: !!opencv-matrix
   rows: 0
   cols: 0
   dt: u
   data: []
P1: !!opencv-matrix
   rows: 0
   cols: 0
   dt: u
   data: []
P2: !!opencv-matrix
   rows: 0
   cols: 0
   dt: u
   data: []
status: 0
