%YAML 1.0
---
left Camera Mat: !!opencv-matrix
   rows: 3
   cols: 3
   dt: d
   data: [ 2.7903860242141121e+02, 0., 1.8627978296327561e+02, 0.,
       2.5302607472099780e+02, 1.1030645138346043e+02, 0., 0., 1. ]
left Dis Mat: !!opencv-matrix
   rows: 1
   cols: 5
   dt: d
   data: [ -4.9400332643893408e-01, 3.1556222150754798e-01,
       -1.3684422322794876e-03, -6.7386871600204725e-04,
       -3.6531949922304170e-03 ]
right Camera Mat: !!opencv-matrix
   rows: 3
   cols: 3
   dt: d
   data: [ 2.7560843497584062e+02, 0., 1.8898256390351784e+02, 0.,
       2.5064139594852259e+02, 1.1634516083671623e+02, 0., 0., 1. ]
right Dis Mat: !!opencv-matrix
   rows: 1
   cols: 5
   dt: d
   data: [ -4.4317235677602113e-01, 2.0782262926387554e-01,
       4.8219992981128092e-03, -4.9058199953612679e-03,
       -4.5037076922971625e-02 ]
image Size: [ 320, 240 ]
rvec of two: !!opencv-matrix
   rows: 3
   cols: 3
   dt: d
   data: [ 6.7622949080904671e-01, -4.5647507531288795e-02,
       7.3527544554154578e-01, 6.5016689280355366e-02,
       9.9788184947705116e-01, 2.1551332399360294e-03,
       -7.3381639793286135e-01, 4.6347810524781929e-02,
       6.7776498477304048e-01 ]
tvec of two: !!opencv-matrix
   rows: 3
   cols: 1
   dt: d
   data: [ -1.6493415340025120e+01, 3.2012640251673563e-01,
       5.3181336753992827e+00 ]
R1: !!opencv-matrix
   rows: 0
   cols: 0
   dt: u
   data: []
R2: !!opencv-matrix
   rows: 0
   cols: 0
   dt: u
   data: []
P1: !!opencv-matrix
   rows: 0
   cols: 0
   dt: u
   data: []
P2: !!opencv-matrix
   rows: 0
   cols: 0
   dt: u
   data: []
status: 0
