%YAML 1.0
---
left Camera Mat: !!opencv-matrix
   rows: 3
   cols: 3
   dt: d
   data: [ 2.7896029828584415e+02, 0., 1.8682325780101019e+02, 0.,
       2.5297667753062831e+02, 1.1013261780941460e+02, 0., 0., 1. ]
left Dis Mat: !!opencv-matrix
   rows: 1
   cols: 5
   dt: d
   data: [ -4.9807664927406686e-01, 3.4590448772142790e-01,
       -1.5106476713449535e-03, -1.0616655412078837e-03,
       -6.6618901531705590e-02 ]
right Camera Mat: !!opencv-matrix
   rows: 3
   cols: 3
   dt: d
   data: [ 2.7547335004059079e+02, 0., 1.8817076519889508e+02, 0.,
       2.5061363871187112e+02, 1.1585607427567857e+02, 0., 0., 1. ]
right Dis Mat: !!opencv-matrix
   rows: 1
   cols: 5
   dt: d
   data: [ -4.4692865554864009e-01, 2.1852042427911736e-01,
       5.1221999285385551e-03, -4.8012547060471604e-03,
       -5.5225912219249558e-02 ]
image Size: [ 320, 240 ]
rvec of two: !!opencv-matrix
   rows: 3
   cols: 3
   dt: d
   data: [ 6.7483322113684718e-01, 1.3907098331523617e-02,
       7.3783922114920431e-01, 2.6508104950250095e-02,
       9.9872038055802581e-01, -4.3068803442616085e-02,
       -7.3749402982126810e-01, 4.8622978868324243e-02,
       6.7360104060486492e-01 ]
tvec of two: !!opencv-matrix
   rows: 3
   cols: 1
   dt: d
   data: [ -1.6114230890692731e+01, 1.0143629250815061e+00,
       5.4679682978207778e+00 ]
R1: !!opencv-matrix
   rows: 0
   cols: 0
   dt: u
   data: []
R2: !!opencv-matrix
   rows: 0
   cols: 0
   dt: u
   data: []
P1: !!opencv-matrix
   rows: 0
   cols: 0
   dt: u
   data: []
P2: !!opencv-matrix
   rows: 0
   cols: 0
   dt: u
   data: []
status: 0
