%YAML 1.0
---
left Camera Mat: !!opencv-matrix
   rows: 3
   cols: 3
   dt: d
   data: [ 2.4142503879898101e+02, 0., 1.7416277120881782e+02, 0.,
       2.4682916099659201e+02, 1.0782808257930078e+02, 0., 0., 1. ]
left Dis Mat: !!opencv-matrix
   rows: 1
   cols: 5
   dt: d
   data: [ -4.6182659882376204e-01, 3.5233728372659645e-01,
       4.3748720867645115e-03, -3.7289697753118802e-03,
       -2.0967928418596868e-01 ]
right Camera Mat: !!opencv-matrix
   rows: 3
   cols: 3
   dt: d
   data: [ 2.4220153850962245e+02, 0., 1.6816676660538002e+02, 0.,
       2.4709668670581198e+02, 1.1529194616729013e+02, 0., 0., 1. ]
right Dis Mat: !!opencv-matrix
   rows: 1
   cols: 5
   dt: d
   data: [ -4.4295421278836600e-01, 1.7117745048103977e-01,
       4.9136956948002677e-03, -3.5071387819925349e-03,
       5.9412765172232193e-02 ]
image Size: [ 320, 240 ]
rvec of two: !!opencv-matrix
   rows: 3
   cols: 3
   dt: d
   data: [ 9.9550367403370199e-01, 2.1397454858786118e-02,
       9.2274503038308836e-02, -2.1968692047950784e-02,
       9.9974524367601514e-01, 5.1792197180178991e-03,
       -9.2140173404997250e-02, -7.1830823990409378e-03,
       9.9572013727359432e-01 ]
tvec of two: !!opencv-matrix
   rows: 3
   cols: 1
   dt: d
   data: [ -5.1113878471420611e+00, -8.5019489836807433e-02,
       1.5811856012379011e-01 ]
R1: !!opencv-matrix
   rows: 0
   cols: 0
   dt: u
   data: []
R2: !!opencv-matrix
   rows: 0
   cols: 0
   dt: u
   data: []
P1: !!opencv-matrix
   rows: 0
   cols: 0
   dt: u
   data: []
P2: !!opencv-matrix
   rows: 0
   cols: 0
   dt: u
   data: []
status: 0
