%YAML 1.0
---
left Camera Mat: !!opencv-matrix
   rows: 3
   cols: 3
   dt: d
   data: [ 4.9291928553339528e+02, 0., 3.3564050995867842e+02, 0.,
       5.0200936655730993e+02, 2.3075870903366936e+02, 0., 0., 1. ]
left Dis Mat: !!opencv-matrix
   rows: 1
   cols: 5
   dt: d
   data: [ -4.6535743281143022e-01, 2.4796638769880811e-01,
       -1.8175139934255169e-04, -1.6970926253714064e-03,
       2.0478329445933033e-01 ]
right Camera Mat: !!opencv-matrix
   rows: 3
   cols: 3
   dt: d
   data: [ 4.9007151042345237e+02, 0., 3.3044489307281634e+02, 0.,
       4.9898965004204257e+02, 2.4464241912345688e+02, 0., 0., 1. ]
right Dis Mat: !!opencv-matrix
   rows: 1
   cols: 5
   dt: d
   data: [ -4.5202231764757617e-01, 2.3241971930629013e-01,
       1.7247674749905444e-03, -1.8110433202512002e-03,
       -2.9157699739501927e-02 ]
image Size: [ 640, 480 ]
rvec of two: !!opencv-matrix
   rows: 3
   cols: 3
   dt: d
   data: [ 9.9885244522636984e-01, 8.5266188821940224e-03,
       4.7128435532485288e-02, -1.0227004096117317e-02,
       9.9930099770752334e-01, 3.5957257514530841e-02,
       -4.6788898817131927e-02, -3.6397977295257733e-02,
       9.9824144684354499e-01 ]
tvec of two: !!opencv-matrix
   rows: 3
   cols: 1
   dt: d
   data: [ -5.1059319888732091e+00, -5.6184117847960335e-01,
       -3.4701291032639664e-02 ]
R1: !!opencv-matrix
   rows: 3
   cols: 3
   dt: d
   data: [ 9.9092835588093864e-01, 1.1995588029314777e-01,
       6.0593566442288249e-02, -1.2097524880869233e-01,
       9.9256465537315164e-01, 1.3431086316876006e-02,
       -5.8531894611185901e-02, -2.0639566058238752e-02,
       9.9807215451897702e-01 ]
R2: !!opencv-matrix
   rows: 3
   cols: 3
   dt: d
   data: [ 9.9410243959569256e-01, 1.0814798005978504e-01,
       8.0220944198327523e-03, -1.0799499599288280e-01,
       9.9399680456514961e-01, -1.7533777538475577e-02,
       -9.8701788428374425e-03, 1.6564024971602379e-02,
       9.9981408904173319e-01 ]
P1: !!opencv-matrix
   rows: 3
   cols: 4
   dt: d
   data: [ 4.8352653396396562e+02, 0., 3.1694923567771912e+02, 0., 0.,
       4.8352653396396562e+02, 2.4267467794567347e+02, 0., 0., 0., 1.,
       0. ]
P2: !!opencv-matrix
   rows: 3
   cols: 4
   dt: d
   data: [ 4.8352653396396562e+02, 0., 3.1694923567771912e+02,
       -2.4944385303644312e+03, 0., 4.8352653396396562e+02,
       2.4267467794567347e+02, 0., 0., 0., 1., 0. ]
status: 0
